%YAML:1.0
---
model_type: PINHOLE
camera_name: camera
image_width: 640
image_height: 480
distortion_parameters:
   k1: 0
   k2: 0
   p1: 0
   p2: 0
projection_parameters:
   fx: 385.95398258644326
   fy: 386.82141019126624
   cx: 327.74259058830506
   cy: 241.3504519302856
